Green, [23616, 22816, 21968, 21952, 22128, 23072, 21488, 20896, 22624, 23168, 21392, 22240, 21408, 21984, 22560, 20800, 30864, 49920, 57520, 44832, 42096, 38704, 37536, 29952, 33456, 29616, 31104, 29568, 36000, 33584, 21488, 22016, 22544, 22800, 21952, 22320, 21872, 21456, 22112, 22096, 22352, 23296, 21552]
Green, [21840, 22208, 22352, 22224, 22448, 22832, 21440, 23024, 21456, 22768, 22624, 22128, 23152, 23120, 27008, 42992, 43120, 41856, 32800, 41376, 37440, 37632, 30752, 32032, 28720, 31072, 25952, 27808, 24848, 22288, 21920, 22528, 22256, 21552, 22224, 22208, 23344, 22528, 21248, 21792, 22048, 23376, 22912]
Green, [21760, 23072, 22608, 21840, 21792, 22816, 22352, 21744, 21952, 21600, 22992, 21520, 22384, 22928, 22448, 44416, 47104, 39696, 37824, 38192, 37888, 38080, 32992, 30800, 29120, 29376, 29680, 27936, 30816, 21808, 21888, 23216, 21216, 23744, 22160, 23216, 21520, 22688, 21296, 22528, 21600, 22016, 21328]
Green, [23344, 22656, 21216, 23040, 21824, 21856, 22800, 22032, 22512, 22176, 21328, 22880, 21120, 22080, 22928, 21760, 23024, 29392, 43856, 38992, 36656, 40032, 37600, 38000, 33792, 31600, 32464, 30496, 27600, 29120, 27936, 22752, 21744, 23216, 21328, 22528, 23120, 21856, 22528, 22432, 22032, 22656, 21248]
Green, [21520, 22864, 22576, 21584, 22528, 22192, 23728, 21680, 22864, 22160, 22288, 23440, 21344, 22272, 23152, 21792, 24512, 42944, 44224, 40704, 42192, 41376, 40928, 36416, 33248, 30288, 31712, 31200, 27296, 28384, 26624, 22080, 23072, 21776, 21824, 23472, 22144, 22336, 22144, 21232, 24592, 22416, 22112]
Green, [23696, 22432, 21456, 23088, 23664, 22384, 21856, 22736, 21872, 23072, 21568, 23184, 23088, 22688, 27120, 41216, 48976, 42720, 38624, 40128, 39040, 36640, 30608, 32496, 28384, 30800, 28608, 28256, 24608, 21536, 21776, 22240, 22608, 21888, 22848, 21504, 23296, 21696, 23312, 23056, 21280, 22736, 20096]
Green, [21952, 23840, 23152, 22784, 23040, 22384, 22432, 22592, 23088, 22400, 21728, 22672, 22672, 21520, 22224, 25840, 38368, 46720, 45088, 39632, 40048, 39776, 37664, 33504, 30800, 29344, 31280, 27360, 29664, 30720, 22896, 22464, 21936, 23488, 22560, 22192, 21888, 22736, 21968, 22608, 22384, 22656, 21856]
Green, [22720, 23168, 21984, 23104, 22528, 21728, 22704, 21744, 23040, 21840, 22384, 23552, 21328, 22160, 23056, 26848, 41648, 42384, 44240, 41040, 40960, 35696, 36128, 36464, 31120, 30192, 29248, 25472, 31440, 29680, 23904, 21936, 23408, 23056, 22224, 22464, 21152, 22928, 21552, 21776, 22672, 22960, 21696]
Green, [22240, 22960, 22192, 22032, 22256, 22912, 21488, 22880, 22624, 21168, 21584, 21520, 21504, 22480, 21840, 22832, 22736, 21232, 22192, 22672, 20816, 30352, 44880, 46192, 49616, 46336, 40112, 40000, 33680, 36112, 32992, 31504, 33632, 28720, 29952, 24416, 20736, 22448, 22528, 22832, 22064, 22320, 22800]
Green, [22000, 22592, 22640, 22640, 22400, 22944, 21728, 22688, 21696, 21952, 22352, 22816, 22384, 21856, 24880, 24688, 25280, 25760, 42272, 42304, 44464, 50784, 50752, 50960, 44176, 38624, 37264, 34800, 31568, 34848, 28544, 30064, 23392, 22640, 22144, 22624, 21600, 22736, 21904, 23024, 23072, 21568, 23120]
Green, [23136, 21536, 23072, 22016, 22128, 22416, 21296, 23424, 22000, 22080, 22096, 22272, 21248, 22304, 21856, 22368, 22032, 21568, 21952, 23216, 31056, 42784, 45696, 37200, 39776, 41280, 40304, 32064, 35504, 31872, 35088, 29792, 30000, 32096, 28608, 23472, 21984, 21616, 21872, 21856, 23008, 21424, 22096]
Green, [22864, 22832, 21920, 21776, 22736, 21568, 21616, 22320, 22384, 21824, 21952, 21440, 23680, 21968, 22384, 22208, 21680, 24464, 41216, 49376, 39440, 43280, 40368, 40688, 37120, 33696, 34032, 32896, 30736, 30896, 28288, 21968, 21376, 23024, 22176, 23136, 22848, 21472, 22880, 20992, 22688, 23104, 21024]
Green, [23728, 20992, 22336, 22560, 21552, 21904, 22960, 21840, 22592, 21824, 22304, 23552, 22192, 22432, 22240, 22624, 22816, 23232, 25360, 39968, 40592, 42992, 40240, 41456, 40928, 40688, 37136, 32928, 34624, 30832, 33600, 38272, 26192, 21760, 21280, 21904, 21680, 21952, 22752, 21280, 22544, 23584, 21984]
Green, [22512, 21584, 22304, 22560, 21648, 22960, 21856, 22416, 22272, 21776, 21280, 22560, 22224, 21744, 23072, 21792, 23344, 24416, 26656, 22800, 21856, 32304, 42368, 38880, 43696, 43712, 42336, 40464, 38512, 35456, 37360, 31152, 33312, 38192, 31408, 21616, 21584, 21648, 22400, 22224, 22016, 22288, 22176]
Green, [22432, 22992, 21776, 22608, 22336, 21760, 22320, 21536, 22016, 22016, 21200, 22144, 21984, 22976, 22608, 22496, 22464, 22800, 25424, 29600, 43120, 48800, 40880, 41600, 41728, 41216, 35536, 34736, 35488, 31648, 35488, 37488, 30160, 21008, 21824, 23744, 21232, 22240, 23072, 21888, 22064, 21712, 21712]
Green, [21856, 21696, 23360, 21856, 22352, 22544, 21568, 22720, 22752, 21664, 23344, 21200, 22704, 22240, 21280, 21936, 22400, 21504, 22672, 22832, 32736, 40544, 42112, 47488, 42672, 40880, 42576, 39488, 37232, 35952, 35696, 32224, 35616, 36288, 29120, 20544, 22672, 21632, 21696, 21184, 22688, 21568, 22656]
Green, [22432, 22272, 22448, 22976, 22160, 22256, 21872, 21920, 23472, 21392, 22096, 22128, 21392, 22448, 21376, 21344, 23792, 25392, 42352, 43856, 46464, 45296, 40352, 42848, 39696, 36816, 34496, 38176, 37200, 35824, 36768, 30544, 23024, 21328, 22000, 22752, 22704, 22976, 20992, 22688, 21856, 21648, 22080]
Green, [23344, 21840, 22448, 23200, 22432, 22704, 21472, 23040, 21664, 21616, 22384, 21968, 21856, 22448, 22048, 22512, 22768, 22256, 22288, 24208, 27424, 43472, 41200, 52752, 38400, 43424, 40080, 41280, 39632, 36064, 36032, 34288, 36736, 38960, 25216, 22400, 21472, 21440, 21392, 22784, 21920, 22080, 21744]
Green, [23504, 22000, 21776, 22208, 22720, 22192, 21712, 21632, 23360, 22384, 22160, 23152, 21728, 22256, 21232, 21392, 22592, 21440, 23584, 27744, 38464, 42160, 40112, 45456, 45616, 42624, 38976, 38960, 39136, 32512, 35184, 31616, 34928, 35744, 26112, 22544, 20752, 22096, 22624, 21296, 23360, 22288, 22112]
Green, [21456, 22800, 21632, 22080, 22160, 22032, 22544, 21856, 22368, 22112, 22624, 21712, 22144, 22656, 21440, 23840, 23840, 44352, 43360, 39264, 42000, 43744, 42064, 37216, 37520, 35296, 34368, 34128, 31664, 34400, 32160, 22224, 21744, 21760, 22896, 21632, 22640, 21504, 22288, 22368, 21776, 21968, 22528]
Green, [22448, 22400, 22480, 21728, 22688, 21184, 22400, 23040, 21520, 22512, 22368, 21536, 22496, 21520, 22160, 23168, 21760, 22848, 22160, 23344, 29200, 38640, 45808, 44656, 41680, 41296, 42272, 40176, 39360, 38944, 37680, 34704, 34384, 32848, 24240, 22128, 22144, 22128, 22640, 21520, 22720, 22704, 21168]
Green, [22640, 21200, 22240, 22848, 21536, 22128, 21728, 21808, 22256, 22432, 22080, 21936, 21824, 22864, 21104, 22000, 22528, 22288, 21616, 21936, 22064, 23424, 21760, 39488, 45696, 42896, 44080, 42464, 41456, 41312, 39488, 40032, 37376, 39568, 38656, 37680, 32496, 21168, 21584, 21632, 22704, 21888, 22320]
Green, [22560, 22384, 22768, 22416, 22432, 22432, 22832, 22672, 22160, 22208, 22880, 21760, 22608, 21296, 21536, 22736, 22144, 22256, 22064, 24128, 28240, 38384, 36528, 44304, 46128, 40176, 42704, 42256, 41088, 39520, 40944, 42288, 41440, 38624, 32144, 23120, 21984, 22544, 22240, 23168, 21824, 22144, 23056]
Green, [21376, 22816, 21984, 21936, 23200, 22192, 21552, 21408, 22128, 21936, 21040, 22288, 23072, 21632, 22688, 21920, 21920, 26736, 23152, 29600, 40576, 42336, 44912, 47856, 44560, 40576, 39712, 40912, 39264, 39856, 37408, 36800, 36912, 36624, 33248, 23568, 21616, 21872, 23008, 21952, 22432, 21424, 21584]
Green, [23280, 21712, 21808, 21360, 21536, 22432, 22256, 21472, 22704, 22288, 22736, 22304, 21344, 22272, 22176, 21680, 21904, 21648, 22288, 23008, 21808, 22256, 33584, 40880, 43920, 43440, 42352, 41536, 42848, 41088, 40976, 41168, 39296, 40736, 37248, 39488, 26688, 22304, 22224, 22016, 22576, 22416, 21680]
Green, [21952, 21760, 22352, 22192, 22832, 22528, 22720, 21840, 22160, 21744, 22928, 21168, 22560, 22784, 21120, 22544, 22176, 22048, 22176, 20672, 22096, 36928, 38464, 42320, 42784, 42624, 41600, 40576, 40320, 40240, 38384, 40192, 39520, 38288, 34256, 24800, 22960, 22064, 22176, 22512, 22592, 21616, 21888]
Green, [23424, 21120, 22848, 21744, 21248, 22160, 22960, 21232, 21984, 20960, 22160, 22432, 22384, 21936, 21824, 23056, 22336, 20960, 22800, 26512, 29216, 30832, 41664, 41696, 44560, 41664, 42240, 40592, 40544, 40368, 37424, 36784, 37168, 39008, 38768, 39472, 22960, 21488, 21728, 22176, 23088, 22240, 22640]
Green, [21408, 22704, 21776, 22752, 22336, 21696, 21216, 23008, 21728, 22624, 21664, 22272, 22016, 21312, 21904, 23056, 20976, 23104, 23008, 25808, 25824, 33488, 39392, 41056, 45376, 40512, 44256, 42448, 42432, 38592, 36752, 37792, 35808, 33904, 35856, 34912, 24528, 22528, 21936, 23024, 21792, 21792, 22032]
Green, [22864, 22016, 22400, 21888, 22368, 21648, 21504, 20960, 22256, 21392, 21904, 22672, 21472, 22560, 22576, 20832, 22848, 22384, 21520, 24448, 21872, 23488, 38848, 42864, 44064, 43120, 40176, 42624, 41328, 40224, 40048, 36976, 38048, 38368, 39328, 35376, 33088, 24976, 22896, 21664, 22512, 22576, 21328]
Green, [21792, 22352, 22032, 23200, 22576, 21280, 22576, 21616, 22656, 22016, 21296, 22896, 21296, 21200, 22336, 21600, 22544, 22320, 21888, 21648, 24032, 22848, 28432, 39664, 41600, 42096, 40464, 42032, 40336, 39904, 38752, 39184, 39152, 38416, 36896, 38272, 29888, 22528, 22560, 22400, 22912, 21584, 22384]
Green, [22112, 22560, 22400, 22096, 22896, 21392, 21568, 22432, 22080, 23456, 21616, 22224, 22784, 21136, 22000, 22880, 22016, 22688, 22400, 25040, 24928, 43072, 46160, 41616, 39520, 41840, 38336, 38096, 37664, 37296, 31600, 33488, 34304, 35280, 36832, 25936, 22720, 22944, 22320, 21648, 21168, 23040, 22496]
Green, [22480, 21680, 21536, 23424, 22144, 22096, 22336, 22032, 21792, 21712, 21408, 23392, 20896, 22304, 22144, 22192, 23152, 22304, 22576, 31296, 42608, 43104, 45904, 41600, 42592, 40704, 41536, 39104, 39504, 39424, 38160, 36736, 37728, 26192, 22752, 23680, 21328, 21456, 24272, 22560, 21328, 22416, 21600]
Green, [22320, 22096, 22832, 22144, 22384, 22128, 22496, 21952, 22288, 22352, 22032, 21712, 22144, 20672, 22208, 22032, 22672, 21696, 21584, 25296, 25904, 34640, 42352, 42368, 41600, 41968, 41456, 41536, 40096, 40352, 39008, 38736, 41232, 38208, 28704, 21984, 22208, 22128, 22992, 21824, 22304, 22848, 22448]
Green, [23488, 22272, 21728, 22624, 21728, 22800, 22624, 21408, 23424, 21520, 21840, 22592, 22112, 22432, 22528, 21504, 23520, 21584, 21840, 23360, 29920, 37792, 47792, 37712, 40464, 43216, 40832, 39776, 37120, 39136, 38256, 37248, 37104, 34336, 26672, 23568, 21056, 22208, 22416, 21440, 22752, 22720, 22032]
Green, [22320, 22560, 21280, 23008, 22608, 22080, 22832, 22192, 22064, 23120, 21424, 21856, 22528, 22656, 22304, 23232, 21872, 22160, 22336, 21296, 24864, 23072, 26064, 31168, 37440, 41056, 39312, 41680, 39056, 38928, 35632, 30640, 30512, 30928, 28976, 29088, 31344, 25344, 22416, 22528, 21920, 22704, 21920]
Yellow, [23312, 17920, 21552, 18720, 17488, 17856, 18016, 18544, 17792, 19632, 20576, 21056, 22176, 21712, 21952, 23152, 20752, 22352, 31536, 38672, 43280, 56784, 54144, 45744, 45392, 44720, 55232, 50160, 41392, 33520, 32768, 30272, 23280, 22224, 22640, 22000, 22912, 21760, 21664, 22592, 24048, 21120, 23232]
Yellow, [23232, 21312, 23120, 22224, 22096, 22704, 21696, 22656, 21840, 22352, 22656, 23184, 21312, 27920, 31024, 41616, 48432, 58480, 46272, 40752, 41296, 31440, 42960, 40912, 37584, 28992, 26944, 19776, 16640, 18544, 19168, 20832, 18064, 21648, 16976, 22848, 21248, 17456, 21872, 17040, 17904, 22512, 23488]
Yellow, [22832, 22256, 22464, 23552, 21296, 21728, 22128, 21296, 21760, 21536, 21872, 22448, 21440, 22816, 23808, 21520, 22352, 30720, 32848, 45936, 47760, 60640, 53136, 44560, 43184, 45296, 44976, 41504, 38144, 31952, 30464, 24896, 21856, 22320, 22192, 22208, 22608, 22176, 22464, 22496, 21120, 22224, 21600]
Yellow, [23920, 22656, 21744, 23360, 21472, 21568, 22112, 22272, 22896, 22000, 22240, 22752, 21760, 22160, 23488, 28256, 34896, 43296, 50848, 59936, 40608, 45968, 40064, 45936, 47360, 40400, 33328, 27968, 29888, 22944, 22384, 22432, 21840, 22848, 22624, 22368, 23152, 21280, 21712, 22592, 22432, 22352, 21984]
Yellow, [22944, 22416, 22432, 22688, 22656, 22304, 22048, 22016, 22752, 21040, 21056, 22752, 21856, 22912, 27424, 34848, 43408, 51712, 67696, 51888, 40784, 45056, 46064, 41376, 41712, 41088, 31328, 31408, 25088, 21552, 23168, 21472, 22400, 21904, 22496, 22672, 22800, 21984, 22608, 21520, 22176, 22512, 21824]
Yellow, [21664, 22912, 21488, 22160, 23392, 21744, 22144, 23520, 21120, 22864, 22208, 22016, 22736, 21520, 22704, 23152, 22624, 28640, 48720, 49184, 58752, 53104, 42528, 46432, 43376, 44592, 41632, 38768, 30224, 29680, 24160, 23104, 21296, 22400, 22928, 21600, 22064, 23104, 21584, 22576, 22704, 22176, 23632]
Yellow, [22704, 23248, 23136, 22912, 22400, 22896, 22784, 22848, 22512, 22416, 22304, 20640, 22912, 21936, 21536, 22896, 21664, 26880, 31632, 45184, 54352, 59744, 53296, 41792, 38640, 44800, 48256, 42880, 36160, 35184, 30992, 25696, 22416, 21392, 22752, 22368, 21648, 22784, 21456, 22096, 23056, 22288, 22640]
Yellow, [22064, 22976, 22880, 22784, 22464, 22800, 22000, 22528, 23392, 22016, 22416, 22544, 22832, 22832, 22848, 21328, 23552, 29632, 41248, 43520, 59904, 48064, 41328, 43104, 43792, 45952, 40528, 34560, 33312, 33856, 25488, 22224, 23712, 23056, 21888, 23056, 22672, 21920, 23408, 21792, 21840, 23152, 21200]
Yellow, [22096, 22576, 22736, 23808, 21920, 22400, 22704, 22000, 22512, 22816, 22512, 22192, 21744, 22432, 23104, 30928, 40688, 52400, 66528, 46608, 44864, 48096, 42112, 45328, 47696, 39680, 32656, 28528, 23984, 22432, 21856, 22288, 21696, 22752, 22048, 21664, 22272, 21536, 22608, 22192, 22160, 21776, 21312]
Yellow, [22176, 22592, 21984, 22400, 22512, 21328, 22512, 22416, 21344, 23184, 22144, 21024, 23104, 21360, 22960, 31552, 43680, 45104, 61424, 48000, 46944, 49728, 44848, 48608, 48128, 41264, 36992, 29952, 25520, 23024, 21280, 22736, 21808, 22112, 22944, 22896, 21984, 22656, 21312, 22336, 22592, 21552, 22432]
Yellow, [24256, 22176, 22832, 23232, 20576, 21792, 23360, 21648, 22624, 23488, 21664, 23136, 21920, 22528, 22160, 22128, 29392, 46192, 53936, 52464, 41344, 49120, 52336, 45952, 52096, 47136, 39584, 32704, 32320, 23024, 22896, 22560, 21088, 22304, 22240, 22336, 22320, 21632, 21472, 23024, 21184, 21600, 23200]
Yellow, [23184, 21696, 22288, 22336, 22720, 22048, 21792, 22512, 21696, 22448, 21904, 21600, 22256, 22688, 22896, 21824, 34016, 49232, 49200, 59616, 42960, 48864, 51520, 53648, 54848, 54128, 40992, 33456, 28224, 23584, 22576, 22864, 21072, 22224, 22128, 22384, 22256, 21424, 22448, 23744, 22112, 21984, 22160]
Yellow, [22176, 22016, 22032, 22816, 21616, 23168, 21728, 22352, 23456, 21312, 23024, 22416, 21808, 22064, 32048, 51152, 52944, 56656, 41536, 45616, 46608, 49856, 53712, 49632, 43520, 33328, 32400, 24880, 23024, 22880, 22992, 22128, 22080, 23136, 22240, 22384, 23088, 21760, 22432, 23216, 22464, 23024, 21984]
Yellow, [22640, 22928, 22992, 22304, 22288, 22272, 23152, 22752, 21856, 22624, 21776, 22208, 22464, 21920, 25680, 37280, 45920, 60768, 54240, 38400, 47632, 44992, 48416, 56304, 37840, 37168, 29856, 23616, 23568, 22320, 22960, 22400, 21760, 21952, 22768, 22000, 23328, 22672, 22272, 23344, 23200, 22576, 21984]
Yellow, [22112, 22208, 21312, 22384, 23216, 21968, 22736, 22448, 21120, 22768, 22144, 22272, 22912, 22576, 30960, 43248, 47856, 56768, 43936, 48080, 49136, 46752, 48304, 47248, 33712, 31840, 30512, 24160, 21952, 21264, 23200, 21632, 21936, 21616, 22800, 22848, 22160, 21264, 21936, 23504, 21696, 22176, 22912]
Yellow, [22416, 22768, 22656, 22848, 22656, 21952, 22000, 23184, 22384, 21392, 21456, 21296, 22736, 23152, 29104, 42752, 45104, 59056, 49984, 44112, 45936, 40016, 51360, 44960, 35488, 32032, 28960, 23616, 22752, 21536, 23072, 22144, 20608, 22384, 22944, 21520, 22336, 22672, 21296, 22512, 21504, 23264, 21504]
Yellow, [21808, 23136, 22400, 21536, 22784, 21936, 22432, 22592, 21888, 22672, 22544, 22176, 22272, 22976, 24656, 34256, 45632, 57872, 64080, 41520, 52176, 52944, 48896, 56224, 48880, 40800, 37680, 26624, 22128, 23712, 21504, 22816, 22720, 22000, 22304, 22912, 21280, 22176, 23360, 21520, 22192, 21040, 23056]
Yellow, [21904, 22592, 21824, 22880, 22768, 22112, 22448, 21584, 22448, 22128, 22784, 21776, 22400, 25760, 30960, 43024, 54464, 59456, 41040, 42960, 46352, 44400, 48096, 54736, 43008, 34496, 29344, 22768, 22400, 22064, 22336, 22608, 21920, 22080, 21952, 22240, 22656, 20992, 22528, 22880, 21616, 22576, 22224]
Yellow, [22464, 22224, 22432, 22608, 22848, 21744, 22176, 23616, 22352, 21488, 22784, 22320, 22000, 22944, 27056, 47312, 44640, 58512, 50720, 47152, 46272, 48112, 56976, 52208, 46624, 34112, 34256, 23728, 21408, 22224, 23344, 21920, 22224, 22352, 22416, 22048, 22496, 22000, 22816, 22224, 23216, 22224, 22688]
Yellow, [23104, 22336, 21152, 23456, 21984, 22336, 22096, 21136, 22976, 22864, 21584, 22864, 27008, 30912, 47424, 46496, 54848, 41472, 47440, 48928, 45168, 49408, 46272, 41872, 36720, 30656, 26480, 22336, 21840, 21680, 22624, 22896, 23024, 22256, 22288, 22000, 22576, 22176, 21120, 23568, 21040, 22592, 24000]
Yellow, [23616, 22288, 22032, 23568, 22832, 22368, 21936, 22128, 23040, 21808, 21728, 22832, 22256, 21472, 24288, 30272, 41680, 43808, 57168, 54656, 40080, 48512, 49664, 43296, 42528, 38272, 35984, 32896, 24528, 23280, 23312, 22544, 22624, 21984, 21744, 23248, 22480, 22512, 22000, 19792, 23008, 21888, 22464]
Yellow, [22448, 21712, 23232, 23152, 23296, 22768, 22400, 22496, 22240, 21552, 22496, 22480, 21536, 21440, 21632, 24128, 36688, 48032, 58016, 65152, 44576, 45280, 47984, 51728, 43120, 36576, 35968, 32816, 22992, 22880, 22512, 22592, 22272, 22768, 21312, 22432, 22496, 22784, 22000, 22528, 21328, 22384, 21184]
Yellow, [21568, 22880, 22240, 22816, 22544, 22928, 21632, 22320, 20896, 23232, 21520, 21584, 22416, 22688, 22944, 31744, 41936, 41984, 59568, 46944, 42320, 40608, 43456, 43792, 39664, 35600, 34976, 28384, 21584, 22800, 22512, 22608, 22416, 21536, 23408, 22048, 21408, 22272, 21824, 21680, 23424, 20832, 21824]
Yellow, [22816, 22736, 22624, 22480, 21872, 21984, 22992, 23008, 22800, 22240, 21728, 22736, 21920, 23840, 21536, 25792, 45200, 48576, 61120, 50304, 46400, 47968, 41840, 41280, 39184, 34992, 34704, 26912, 22288, 22160, 23056, 21952, 22480, 21664, 21952, 22432, 22000, 21664, 21968, 21744, 22576, 22608, 22336]
Yellow, [23312, 23472, 22096, 23456, 21984, 21840, 22416, 21872, 22096, 21984, 21664, 23264, 20752, 26928, 39360, 47744, 50432, 64288, 43968, 38400, 43264, 53328, 43872, 34944, 34080, 34640, 29056, 23392, 22336, 22400, 23824, 21584, 21984, 23120, 20880, 21376, 23184, 21456, 23152, 23456, 22016, 22656, 21984]
Yellow, [22048, 21728, 23344, 22064, 21952, 22368, 21440, 22432, 21840, 21840, 22704, 21920, 22304, 22912, 30256, 36784, 44016, 50880, 64032, 42240, 41632, 39424, 38256, 39968, 34160, 33504, 32240, 26448, 21840, 22160, 22144, 21616, 23120, 21808, 21600, 22432, 22432, 22928, 22880, 21312, 22288, 22464, 22000]
Yellow, [21888, 22848, 22496, 21584, 22416, 21920, 21344, 24016, 22448, 22928, 22768, 21936, 23248, 22176, 22320, 23232, 28560, 38320, 47600, 57776, 61408, 40288, 38464, 34352, 40672, 41504, 35376, 32832, 31072, 23936, 22224, 22480, 22192, 22064, 23120, 21328, 22032, 22048, 21360, 22880, 22640, 22720, 22960]
Yellow, [22288, 22256, 21584, 21056, 23344, 21744, 22240, 21968, 22832, 22240, 22896, 21968, 21904, 21200, 22320, 23136, 29328, 41888, 43616, 51936, 40720, 40704, 39888, 39824, 41504, 38496, 36816, 33296, 27456, 23104, 21472, 21376, 23696, 22432, 22928, 22640, 21520, 22464, 21568, 21440, 23024, 21520, 22192]
Yellow, [22240, 22736, 24112, 21984, 21872, 22112, 21632, 22528, 21472, 23696, 22064, 21824, 22112, 23024, 21648, 26272, 36192, 45120, 52032, 49104, 38928, 39536, 35872, 48176, 42880, 43808, 33568, 35440, 23232, 22304, 22272, 21600, 23088, 21888, 22944, 23264, 21600, 22480, 23376, 22464, 23712, 21104, 22848]
Yellow, [22736, 22432, 22112, 23424, 21648, 21952, 22368, 22064, 22416, 21200, 22240, 22464, 22800, 21456, 22560, 23504, 29424, 35920, 46288, 61440, 48480, 38704, 40640, 40704, 47536, 43216, 38432, 33360, 32832, 26432, 22688, 23520, 22320, 22208, 22256, 21936, 21456, 21968, 22688, 22064, 21840, 21184, 22608]
Red, [18576, 19616, 21232, 22192, 22384, 21792, 22864, 22272, 23280, 23040, 22080, 22800, 22688, 21184, 24512, 26688, 30576, 39280, 47632, 52688, 57600, 54240, 44128, 28912, 23168, 24576, 26720, 16912, 17792, 18064, 22496, 22576, 17536, 16832, 16864, 18432, 17600, 21936, 22720, 22192, 23328, 22784, 18672]
Red, [22704, 20720, 21824, 21568, 21472, 22544, 22224, 21760, 21792, 22064, 21296, 23248, 21664, 22736, 22720, 27184, 33920, 48288, 43680, 57072, 57424, 43456, 32256, 26688, 27552, 29296, 24672, 21712, 22768, 22144, 23232, 22208, 21488, 21920, 22208, 20848, 22320, 22096, 21584, 22624, 21456, 22112, 22320]
Red, [22608, 22752, 21712, 23504, 22432, 21952, 23152, 21968, 21072, 21680, 21584, 21648, 22272, 21824, 31152, 39680, 42816, 64400, 59360, 36576, 27488, 26256, 24544, 22784, 22544, 22288, 22560, 21856, 22736, 22800, 21056, 23216, 21600, 22192, 21824, 23104, 21024, 23408, 21648, 23600, 22688, 21744, 22432]
Red, [23088, 21776, 23792, 21632, 22400, 22960, 21776, 21504, 22512, 22928, 21168, 22608, 22240, 22496, 23648, 24416, 29680, 37808, 40832, 45232, 49296, 45248, 34496, 30176, 27888, 25040, 22800, 21984, 23344, 22672, 22832, 22896, 22432, 23152, 22576, 21616, 20688, 19968, 22688, 19872, 17744, 19968, 18400]
Red, [21840, 22832, 21968, 23424, 22256, 21616, 22864, 21152, 21536, 21664, 20960, 22176, 22304, 18880, 28480, 35936, 36672, 54864, 61648, 63232, 38624, 32496, 27840, 28368, 26352, 24928, 22432, 20576, 22896, 21584, 22432, 23424, 20544, 22752, 22048, 22000, 21376, 22208, 21472, 17040, 17536, 22512, 21728]
Red, [20672, 22704, 22688, 17792, 17856, 20576, 17424, 19520, 18720, 23008, 20896, 17024, 18384, 18208, 22720, 28672, 38352, 44560, 49296, 50496, 44848, 39200, 29520, 27680, 26800, 25264, 22608, 21904, 21600, 22816, 21360, 21440, 19232, 20976, 22192, 22464, 21440, 22752, 22160, 21968, 22960, 22480, 23568]
Red, [22192, 23984, 22176, 22080, 23376, 21568, 22032, 23088, 21856, 23152, 21696, 21776, 22640, 21552, 21856, 22480, 22624, 28768, 37712, 45152, 57856, 55200, 48688, 38992, 33056, 28432, 28864, 25600, 22288, 23664, 21792, 22608, 22704, 22048, 22432, 22048, 21424, 22384, 21152, 21808, 21520, 20288, 22768]
Red, [22464, 22544, 21584, 23168, 21776, 22464, 22960, 21952, 22208, 22704, 21776, 22192, 23136, 22368, 25888, 27152, 38368, 43920, 53920, 58624, 58752, 42672, 33232, 25360, 26080, 23936, 23232, 21696, 22560, 22800, 22592, 22656, 21824, 22192, 22128, 23024, 21424, 22352, 21824, 21856, 22992, 21840, 22224]
Red, [21856, 23888, 22288, 21952, 23184, 21280, 23024, 22272, 21360, 22976, 23296, 22608, 22256, 21152, 22656, 22496, 21344, 22768, 26528, 42352, 43552, 59680, 61808, 47072, 30448, 30016, 29184, 25616, 22736, 22656, 22256, 23072, 22256, 22000, 22592, 22704, 21600, 23424, 22640, 22000, 22272, 21760, 22064]
Red, [22768, 21008, 22912, 23200, 22624, 22864, 22944, 22032, 22848, 22736, 21712, 22240, 22016, 21424, 23648, 23808, 34224, 42112, 48784, 62080, 54400, 50032, 31088, 27568, 25104, 23472, 22032, 23008, 23168, 21968, 21488, 23392, 21872, 21504, 22272, 22000, 22464, 22800, 22080, 21920, 24032, 22096, 22784]
Red, [22384, 22352, 22208, 23600, 22144, 22768, 22864, 23056, 22704, 22768, 22752, 22912, 21888, 21792, 22960, 21696, 24544, 33680, 42656, 47504, 55984, 55088, 52032, 35520, 26704, 30400, 25120, 26080, 22336, 22544, 22192, 23232, 22528, 22032, 22160, 22640, 21920, 23888, 22800, 22320, 22752, 21648, 22064]
Red, [23536, 22592, 21488, 23152, 22608, 21728, 22400, 22688, 22432, 22192, 22016, 21936, 23200, 22544, 21584, 23456, 22560, 21760, 27808, 33392, 37728, 51552, 52544, 48288, 40208, 36288, 29184, 28656, 27056, 22240, 21760, 21728, 23664, 22672, 22000, 23232, 21040, 22912, 23168, 22976, 23200, 23008, 21920]
Red, [23088, 21776, 22656, 22144, 22208, 21808, 22672, 21184, 22656, 22352, 21328, 23088, 22336, 21136, 22144, 21712, 22272, 29824, 39920, 45408, 61888, 51408, 45008, 32384, 28336, 28368, 25392, 22592, 21904, 22192, 23184, 22592, 21888, 22352, 22560, 20800, 21760, 22304, 21728, 21808, 22496, 22736, 22464]
Red, [22128, 22240, 22816, 22368, 22704, 22400, 22928, 21856, 22880, 23024, 21856, 23520, 22368, 20960, 22960, 22016, 26000, 35552, 43344, 54816, 58752, 51280, 37552, 31808, 25424, 27888, 24944, 23072, 22896, 21744, 22864, 22368, 21744, 23152, 22688, 22096, 22400, 23376, 21856, 22512, 22624, 21680, 23184]
Red, [22752, 22304, 22128, 23344, 21872, 22192, 23504, 22464, 22816, 22752, 22272, 21536, 22240, 22192, 22704, 23280, 24896, 29552, 34912, 40928, 60736, 58480, 60608, 39216, 30512, 26048, 28976, 30912, 23008, 22560, 22688, 23728, 21504, 22576, 22928, 22640, 23392, 22080, 22656, 22032, 21984, 22752, 21472]
Red, [22976, 23536, 22416, 23312, 21552, 21808, 24016, 22176, 22448, 22640, 22368, 22352, 23088, 22080, 23216, 22976, 23216, 27312, 47856, 41824, 60128, 61936, 55312, 38272, 29840, 28288, 25456, 28592, 24016, 22432, 21808, 23168, 21104, 22224, 22864, 21808, 23008, 22032, 23312, 22032, 23312, 21552, 22432]
Red, [22112, 22320, 22256, 23520, 23264, 22656, 23952, 21888, 22000, 22720, 22192, 21600, 22704, 21920, 23312, 22624, 21584, 22400, 28240, 36160, 42400, 52720, 52224, 58976, 40816, 33200, 33376, 29200, 31696, 24688, 22304, 22240, 22640, 22176, 23328, 23120, 22112, 22160, 22928, 22992, 22912, 22400, 21936]
Red, [21584, 21984, 23168, 23168, 22608, 23120, 22176, 21936, 22976, 22272, 22640, 22608, 21440, 23120, 22896, 22976, 29616, 31792, 41136, 41600, 57120, 56272, 41344, 36048, 31328, 27792, 27424, 23536, 22256, 22672, 23264, 22736, 22208, 22496, 22032, 22112, 22272, 21776, 22880, 22688, 22416, 23152, 22128]
Red, [22224, 23344, 22816, 21936, 22016, 22368, 21744, 23536, 21504, 22224, 22368, 22016, 21840, 22448, 21856, 22944, 23520, 26384, 29904, 38784, 44160, 57360, 52256, 51104, 33552, 28368, 31504, 26464, 22960, 22416, 23328, 21872, 21792, 23408, 21632, 22736, 21552, 23072, 22832, 22080, 22176, 22096, 22432]
Red, [23136, 21888, 23488, 22848, 22304, 21888, 22912, 21616, 22528, 22624, 22240, 22784, 21712, 22096, 22912, 21872, 23632, 26560, 30448, 42320, 53600, 63520, 54880, 45552, 36112, 30928, 29072, 28928, 25568, 22480, 21472, 22944, 21920, 21488, 23552, 22160, 21984, 23184, 22384, 21392, 23040, 21520, 23328]
Red, [21504, 22752, 22560, 22192, 22832, 22896, 22352, 23184, 21056, 22784, 22704, 22800, 22032, 22416, 22896, 22944, 22592, 23488, 26432, 32976, 38656, 50784, 58768, 55312, 42880, 34208, 32624, 30560, 29120, 22656, 22240, 22464, 22928, 20960, 22384, 22752, 21760, 22672, 23152, 21680, 23360, 23088, 22816]
Red, [21856, 22672, 22752, 22816, 23136, 22256, 22576, 22672, 22128, 21680, 22880, 22736, 21760, 22848, 21680, 23408, 24816, 26480, 37888, 43856, 49424, 57056, 46320, 34656, 35936, 24112, 25296, 23632, 21232, 22320, 23072, 22624, 23328, 22928, 21920, 22336, 23616, 21936, 22640, 23520, 21856, 23328, 22672]
Red, [22352, 21904, 22320, 22704, 23184, 23536, 21968, 20896, 22512, 22320, 21584, 23344, 21664, 21712, 22576, 21280, 22624, 26656, 25968, 31216, 36192, 41088, 53296, 54960, 46288, 33632, 30944, 26608, 27616, 24480, 23648, 22880, 21936, 23680, 22816, 21728, 21744, 22048, 22080, 22560, 22896, 21984, 22672]
Red, [22720, 22304, 22976, 21984, 22560, 22448, 22048, 22576, 22336, 21456, 22768, 22368, 21776, 22912, 22208, 22192, 22592, 21872, 25728, 26864, 36112, 36000, 47680, 59536, 54464, 38416, 37488, 31728, 31424, 25680, 22816, 23344, 22736, 21600, 21552, 22368, 21168, 23056, 22384, 21408, 22432, 22384, 21488]
Red, [24160, 21920, 22240, 22800, 21856, 22176, 22464, 21248, 22272, 22816, 21840, 23648, 23104, 21840, 23056, 23728, 25312, 28736, 39264, 44672, 58272, 55568, 43008, 37456, 34336, 29440, 27456, 22784, 22976, 21824, 22896, 23072, 22128, 22896, 22464, 21792, 22320, 22688, 21696, 22736, 22752, 22192, 22864]
Red, [22320, 22704, 22992, 22544, 23616, 21520, 22352, 23024, 22832, 22528, 22928, 21328, 22384, 24512, 31536, 37824, 38784, 50528, 65072, 53408, 38928, 34912, 30192, 31184, 25488, 22592, 22176, 22592, 21568, 22224, 22416, 22048, 22336, 22304, 22256, 23008, 22544, 21664, 22752, 21776, 22448, 21520, 21824]
Red, [21360, 21808, 23072, 22640, 22304, 23456, 22512, 23168, 22640, 21952, 22640, 21744, 24736, 21936, 22080, 22832, 23552, 27792, 40720, 42048, 54912, 50992, 50992, 35472, 38192, 26832, 33856, 21856, 22160, 22592, 22400, 22592, 22496, 20992, 23168, 22368, 22304, 22000, 23056, 21856, 22752, 22000, 21936]
Red, [21936, 21808, 23232, 21760, 22128, 22672, 21904, 22496, 23184, 21680, 22528, 23184, 21536, 23056, 22128, 23088, 29856, 30816, 38640, 42384, 53552, 58160, 47024, 39264, 39120, 29872, 29808, 24080, 22320, 21456, 22400, 21696, 23216, 22832, 21648, 21616, 22960, 21696, 22528, 22560, 22320, 22880, 22320]
Red, [22512, 21664, 22592, 22096, 22000, 23936, 22224, 22064, 22688, 21776, 22192, 22784, 21584, 22016, 23360, 26032, 31520, 38944, 40896, 46720, 56624, 58224, 41184, 31632, 26560, 31168, 31760, 23680, 22080, 22672, 22080, 22368, 22752, 22848, 22912, 21136, 22368, 21536, 22656, 23984, 21888, 22176, 23120]
Red, [22352, 22336, 22608, 22800, 22016, 21392, 21216, 23136, 21504, 22560, 22288, 21504, 23456, 22096, 22384, 22592, 21744, 22032, 29552, 37984, 43184, 49520, 62352, 58000, 51904, 34912, 30896, 31232, 28848, 23360, 22240, 22352, 22576, 21344, 21856, 23696, 22032, 22928, 21904, 22448, 23040, 21680, 22240]
Red, [23296, 21792, 21648, 23440, 22688, 22112, 22400, 22144, 21408, 22912, 21632, 22368, 22432, 22256, 22816, 23024, 24560, 38640, 39616, 41296, 44176, 54528, 45360, 34992, 27776, 27728, 24016, 22768, 22048, 22416, 21920, 22160, 22208, 21888, 22320, 22688, 21456, 23088, 22224, 21296, 22640, 20608, 22768]
Red, [22320, 22272, 22672, 21888, 22224, 23984, 21376, 21424, 23728, 21920, 22624, 23088, 21088, 23264, 22496, 21344, 29712, 35616, 40352, 48096, 59088, 55264, 44224, 34624, 33168, 30432, 29552, 22960, 22768, 22720, 22544, 21712, 20944, 22448, 23056, 23392, 22448, 22128, 22704, 22160, 22608, 22592, 22240]
Temperature, [23312, 22016, 22336, 22672, 22512, 21888, 23456, 22656, 22640, 22096, 23264, 22880, 22896, 21792, 32720, 41616, 32480, 23920, 31888, 40800, 22896, 21840, 23216, 25664, 40160, 36928, 32736, 29408, 27200, 22512, 22272, 22784, 22240, 22000, 22320, 23312, 22704, 22608, 23280, 22080, 22848, 23168, 22336]
Temperature, [23120, 22896, 23856, 23040, 23296, 22464, 22128, 21536, 23040, 21872, 22016, 22864, 21376, 22928, 40064, 40000, 34608, 22000, 25040, 41936, 24496, 22912, 24704, 24320, 31168, 31792, 29712, 26560, 26336, 22784, 23568, 21744, 22784, 23600, 22656, 22688, 23008, 22304, 21312, 23184, 22048, 23488, 22576]
Temperature, [22080, 22240, 22992, 21200, 23600, 22640, 21632, 23072, 21776, 22496, 22928, 21712, 23184, 22976, 26896, 36480, 35776, 26336, 22880, 37040, 31200, 23808, 23200, 22752, 29728, 34240, 37392, 32128, 29440, 24320, 23088, 21904, 23376, 22848, 21856, 23152, 22768, 22128, 22400, 22784, 22080, 22288, 23552]
Temperature, [23488, 23232, 23056, 22480, 22224, 23424, 22192, 23792, 22272, 22000, 21904, 22944, 22768, 22240, 22960, 22752, 33712, 42752, 39760, 25600, 29936, 41792, 23776, 22544, 22192, 23840, 28144, 32528, 28608, 28656, 28096, 23072, 22496, 23104, 22992, 23920, 22608, 22752, 23104, 22208, 23312, 22768, 23248]
Temperature, [22384, 22816, 23104, 23952, 22560, 23216, 23008, 22272, 22704, 21584, 21968, 22800, 21328, 22832, 22944, 27456, 45488, 43008, 42512, 23088, 33184, 46272, 24976, 22176, 22208, 22864, 29072, 28992, 27728, 27056, 28960, 24096, 22880, 23376, 21536, 23168, 23792, 21968, 23072, 23344, 21616, 22416, 23360]
Temperature, [22320, 23504, 24240, 22592, 22480, 24144, 22320, 22288, 22736, 22272, 22784, 22368, 22912, 24672, 48640, 46864, 45456, 26352, 27552, 36688, 24336, 23088, 22048, 23392, 30928, 29696, 32672, 31248, 24064, 22048, 22128, 23152, 23120, 21168, 22544, 23952, 22720, 22624, 22704, 22608, 22096, 22416, 21440]
Temperature, [22080, 23392, 22784, 22640, 22416, 23984, 22528, 22320, 21856, 24304, 22704, 22864, 22896, 22480, 23472, 33792, 43904, 42112, 26528, 26176, 45216, 23712, 23488, 22768, 26368, 34144, 31440, 29616, 29616, 24368, 23280, 22208, 22256, 23312, 22384, 22176, 22464, 21856, 22608, 23232, 22336, 23088, 23008]
Temperature, [22368, 23392, 22224, 22352, 23136, 23488, 22240, 22592, 22080, 22368, 23424, 22672, 22928, 22960, 22416, 40016, 45632, 40432, 26048, 36016, 34848, 23440, 22144, 22528, 25280, 32688, 31504, 28656, 31184, 25360, 22240, 22400, 22256, 23536, 21888, 21952, 22800, 22992, 22992, 21760, 21968, 23648, 22272]
Temperature, [22960, 21920, 22640, 23392, 21840, 23952, 22576, 23168, 23456, 22848, 22576, 22640, 22112, 24016, 22240, 22352, 43376, 42000, 33328, 24752, 38416, 34416, 23856, 22096, 24096, 27792, 34544, 35168, 32624, 29888, 23296, 21920, 23120, 22096, 22448, 24080, 21472, 22656, 22688, 22384, 22944, 23552, 21776]
Temperature, [22160, 23104, 23056, 22960, 22528, 22336, 21568, 23872, 23024, 22544, 22960, 21760, 22832, 21904, 33952, 44672, 41168, 27264, 27728, 41504, 25024, 22832, 22592, 25296, 41616, 38432, 35872, 32720, 29296, 23472, 21792, 22832, 23376, 22880, 23184, 21888, 21392, 22160, 22176, 22640, 22144, 22944, 22032]
Temperature, [23648, 22944, 22736, 22016, 22832, 22912, 23088, 23296, 21760, 22800, 22656, 22016, 22976, 32448, 42560, 43296, 26672, 29616, 38784, 23024, 23600, 22768, 27488, 34560, 28944, 31456, 33488, 25184, 22064, 21824, 22784, 22048, 23248, 22240, 22416, 22400, 22144, 21920, 23392, 22400, 22864, 22752, 22384]
Temperature, [23200, 23600, 22832, 23776, 21904, 21392, 23760, 22160, 23408, 22768, 21568, 21792, 23264, 23472, 35776, 42320, 42096, 32224, 34320, 30032, 23424, 23168, 22816, 26784, 37040, 33552, 34608, 30528, 29840, 21760, 21248, 23040, 21280, 24464, 22080, 23808, 21632, 22144, 21872, 23104, 21696, 22304, 23216]
Temperature, [22832, 22768, 21888, 22656, 23552, 23872, 22560, 22864, 23104, 21200, 22352, 36416, 42704, 41392, 29056, 37808, 32368, 23664, 22480, 22528, 30864, 38160, 36464, 35984, 32512, 23280, 22192, 23552, 23360, 23216, 22224, 21648, 21888, 23696, 22976, 23632, 23328, 22928, 22288, 22752, 22384, 21552, 22992]
Temperature, [23152, 22096, 22896, 24032, 22464, 22832, 22448, 21680, 22560, 23344, 23360, 22384, 22192, 22672, 22528, 32608, 41728, 38576, 22432, 29776, 35776, 22928, 23744, 22688, 30080, 36528, 37008, 39792, 33072, 33568, 22640, 22928, 23552, 22224, 23632, 22896, 22592, 22432, 22848, 22816, 23120, 22112, 22768]
Temperature, [21664, 22720, 23104, 21680, 23840, 22912, 23632, 22096, 21840, 23136, 22160, 22464, 22944, 26464, 44544, 45632, 37520, 31088, 39680, 23408, 24592, 22016, 24832, 35568, 34624, 34048, 32576, 26992, 23312, 22208, 22704, 23520, 21040, 22000, 23056, 22576, 23200, 22272, 22832, 23024, 21392, 22624, 21968]
Temperature, [22160, 22368, 23152, 22992, 22624, 21744, 22944, 22656, 23824, 22192, 22224, 21808, 23792, 31344, 36384, 34928, 23056, 27792, 45040, 24304, 23456, 22368, 22144, 33104, 34192, 33840, 34384, 28064, 25232, 23008, 21504, 22672, 23808, 21760, 21568, 21920, 22016, 21792, 22928, 22432, 23392, 22112, 22016]
Temperature, [23184, 23072, 22944, 22784, 22432, 22608, 21808, 23424, 21296, 26112, 44240, 35808, 24112, 27152, 41840, 27536, 20976, 23696, 21936, 29296, 36544, 38288, 37184, 32528, 21792, 23200, 22288, 22848, 22960, 23104, 22768, 23200, 22784, 22256, 22832, 22880, 22352, 23792, 22144, 22640, 22816, 22576, 22432]
Temperature, [22160, 22672, 22336, 22048, 23216, 21616, 23216, 22304, 21840, 23184, 25744, 50912, 41616, 31104, 22256, 27616, 41408, 36784, 24064, 22272, 22208, 22928, 34016, 38864, 32368, 34560, 30128, 30144, 23664, 22944, 23088, 23728, 22320, 23552, 22704, 21248, 23088, 23408, 21136, 23872, 22368, 22272, 22512]
Temperature, [23568, 23456, 22544, 22288, 22576, 21872, 22464, 21840, 21696, 23792, 22048, 28768, 46560, 48096, 43408, 31200, 22992, 29264, 40304, 33056, 23264, 22496, 21776, 23072, 34512, 36880, 31696, 31376, 29056, 26288, 22464, 23488, 21968, 22016, 24208, 21984, 22592, 22160, 22912, 22336, 21488, 22976, 22368]
Temperature, [23312, 23712, 22784, 23136, 23536, 22512, 22672, 21888, 22880, 22688, 43584, 40656, 32368, 23616, 35392, 33696, 26624, 22608, 23040, 22048, 21456, 36512, 38864, 37904, 34736, 32608, 22592, 24368, 23072, 21424, 22960, 22096, 22336, 23072, 21936, 22000, 22608, 21456, 22592, 23504, 21744, 22656, 22768]
Temperature, [22272, 22352, 23680, 22432, 22640, 22768, 22544, 23104, 22864, 33520, 40464, 40928, 26064, 22704, 39568, 42800, 26272, 22768, 22368, 23312, 32112, 38384, 36048, 35056, 32944, 24640, 24336, 21872, 22336, 22608, 21504, 22896, 22896, 22672, 22768, 22144, 21664, 23152, 23024, 22048, 23248, 22720, 23424]
Temperature, [22128, 22400, 23680, 22496, 22784, 23040, 22704, 22416, 23472, 23024, 36096, 37440, 29568, 22992, 37200, 38256, 24864, 22688, 22656, 22320, 37392, 38160, 38304, 33888, 35376, 28672, 23744, 23648, 21872, 22288, 23296, 21552, 22144, 22480, 22128, 22592, 23376, 22752, 21904, 21936, 23136, 20992, 22288]
Temperature, [23344, 22960, 22304, 23904, 22656, 22864, 22336, 22960, 22464, 27728, 41584, 36400, 24672, 26064, 42080, 33520, 22384, 22880, 22992, 24736, 38512, 39728, 34336, 32912, 29296, 22976, 23472, 21936, 22432, 22544, 21696, 22512, 23856, 22064, 22448, 22416, 22208, 23264, 22640, 22912, 22944, 22240, 23088]
Temperature, [22288, 22528, 23168, 21840, 21840, 23696, 22224, 23088, 21728, 22784, 23536, 30144, 44240, 40608, 24624, 28464, 27920, 23360, 22080, 22944, 23904, 35872, 35520, 36272, 33184, 29904, 24816, 23488, 22240, 22304, 22640, 23344, 22848, 22864, 23216, 22432, 22832, 22480, 23200, 23184, 22560, 22448, 22368]
Temperature, [21632, 21936, 23456, 23984, 21648, 22400, 22000, 22352, 22160, 21968, 26224, 41792, 37600, 34368, 23168, 33120, 32416, 23856, 22928, 23648, 23040, 37584, 35712, 30656, 30720, 27968, 23488, 23056, 22320, 23056, 22784, 21248, 23552, 22256, 22848, 22768, 21456, 23376, 21856, 22672, 22608, 23600, 21328]
Temperature, [22608, 22400, 22736, 23200, 23968, 23024, 22640, 22992, 22960, 21312, 23040, 22720, 24048, 39616, 36848, 24528, 22192, 40784, 35888, 22592, 22464, 22224, 22288, 37872, 40208, 37552, 38560, 33552, 26224, 22832, 22064, 23712, 22208, 22128, 21568, 21712, 22432, 22784, 22320, 22272, 23136, 22336, 23968]
Temperature, [23424, 21840, 22944, 22160, 23008, 23024, 22384, 23024, 23760, 21840, 22560, 26400, 35024, 26784, 22336, 28384, 37344, 23184, 22624, 23552, 21728, 36224, 40912, 38256, 37808, 32144, 24608, 23120, 22112, 22832, 23088, 22320, 22736, 22768, 23616, 22848, 23072, 22576, 22784, 21984, 22912, 22656, 22720]
Temperature, [20432, 23104, 23632, 22464, 23120, 23584, 22304, 23472, 22992, 22832, 23232, 21360, 28368, 42352, 38720, 24704, 29744, 36784, 23216, 22752, 21712, 22752, 33104, 35536, 34352, 35264, 36192, 30624, 22512, 23536, 22560, 21408, 22848, 22560, 21904, 25536, 22528, 22816, 23824, 21920, 22688, 23008, 21840]
Temperature, [22448, 24240, 23152, 22144, 22416, 22240, 23008, 21520, 22992, 22336, 22832, 22400, 23104, 37152, 29872, 24944, 22240, 34624, 33696, 22464, 24080, 22672, 22432, 36240, 39872, 36224, 35552, 36656, 26944, 22624, 21728, 22560, 22496, 21808, 22000, 23040, 23280, 22672, 22192, 23360, 23120, 21712, 23728]
Temperature, [21968, 21696, 23200, 22512, 22560, 22368, 22048, 22608, 21456, 22944, 22368, 20848, 42528, 41616, 27680, 23856, 42912, 30192, 21792, 22336, 21872, 24048, 41776, 38672, 37520, 33712, 35264, 22864, 23824, 23792, 21872, 23856, 23568, 21920, 24416, 22592, 21888, 22992, 21920, 21520, 23792, 22384, 23152]
Temperature, [23072, 23632, 22256, 22416, 23616, 22496, 21984, 22256, 23248, 22576, 22128, 23120, 22352, 43008, 43904, 33712, 23488, 42624, 41024, 24416, 22336, 23888, 26256, 46160, 36464, 40544, 34736, 35568, 22448, 23104, 23520, 21696, 22864, 23712, 22240, 22848, 22768, 23568, 22192, 22224, 22832, 22992, 21392]
Temperature, [23472, 22880, 21712, 22944, 23136, 22352, 22944, 22416, 23616, 22672, 22720, 26368, 43760, 45280, 32624, 23008, 42960, 31232, 21856, 22640, 22944, 28272, 41792, 41104, 36048, 35584, 35856, 27072, 23824, 22368, 23040, 22736, 21968, 22400, 23488, 22848, 23184, 22624, 22416, 23552, 22752, 21552, 23584]
Temperature, [21632, 23248, 21568, 22192, 23072, 22368, 22928, 21664, 23136, 22384, 23216, 23424, 23664, 41904, 43552, 34304, 24752, 46672, 26064, 23456, 23536, 23984, 33312, 41568, 35776, 37504, 35344, 29232, 28528, 22784, 22640, 24144, 22096, 22880, 21904, 22976, 22816, 23056, 22176, 23120, 22528, 22064, 22752]
Temperature, [23136, 22480, 23664, 23552, 21808, 24752, 21680, 21840, 22976, 22528, 22816, 22560, 21136, 23328, 44128, 42368, 33152, 22352, 33136, 31536, 23728, 22432, 22496, 29104, 37760, 37872, 28944, 30112, 35152, 29440, 23280, 22128, 22896, 23024, 23120, 23328, 21920, 22640, 22912, 21856, 22176, 23024, 21872]